delivery_point4=((-3.7438827236895333, -22.681050061078526, 0.0), (0.0, 0.0, 0.9999748842371419, 0.007087375742457503))
delivery_point4=((-3.7438827236895333, -22.681050061078526, 0.0), (0.0, 0.0, 0.9999748842371419, 0.007087375742457503))
delivery_point4:((-3.7438827236895333, -22.681050061078526, 0.0), (0.0, 0.0, 0.9999748842371419, 0.007087375742457503))
delivery_point1:((-3.7438827236895333, -22.681050061078526, 0.0), (0.0, 0.0, 0.9999748842371419, 0.007087375742457503))
delivery_point1:((-3.7438827236895333, -22.681050061078526, 0.0), (0.0, 0.0, 0.9999748842371419, 0.007087375742457503))
delivery_point1:((-3.7438827236895333, -22.681050061078526, 0.0), (0.0, 0.0, 0.9999748842371419, 0.007087375742457503))
delivery_point1:((-3.7438827236895333, -22.681050061078526, 0.0), (0.0, 0.0, 0.9999748842371419, 0.007087375742457503))
delivery_point1:((-3.7438827236895333, -22.681050061078526, 0.0), (0.0, 0.0, 0.9999748842371419, 0.007087375742457503))
delivery_point1:((-5.243732031004789, -22.6597884678657, 0.0), (0.0, 0.0, 0.9999748842371419, 0.007087375742457503))
delivery_point1:((-3.7438827236895333, -22.681050061078526, 0.0), (0.0, 0.0, 0.9999748842371419, 0.007087375742457503))
delivery_point1:((-3.7438827236895333, -22.681050061078526, 0.0), (0.0, 0.0, 0.9999748842371419, 0.007087375742457503))
